Java - num_epochs=3, batch_size=4, learning_rate=1e-05, optimizer=Lion, max_length=256
Loss: [0.6318249046585496, 0.257806178965962, 0.12991174077424597]
Accuracy: [0.7881534016285789, 0.9106908326766483, 0.9545573942737063]
Eval Loss: [0.7213735957744508, 0.7545974429632746, 0.9717154408696129]
Eval Accuracy: [0.7866666666666666, 0.8081159420289855, 0.7785507246376812]
Report:               precision    recall  f1-score   support

           0       0.87      0.83      0.85       892
           1       1.00      1.00      1.00        45
           2       0.29      0.28      0.28       100
           3       0.76      0.80      0.78       427
           4       0.76      0.92      0.83       178
           5       0.75      0.60      0.67        15
           6       0.24      0.15      0.18        68

    accuracy                           0.78      1725
   macro avg       0.67      0.66      0.66      1725
weighted avg       0.77      0.78      0.77      1725


Java - num_epochs=3, batch_size=4, learning_rate=1e-05, optimizer=Lion, max_length=512
Loss: [0.6350881426648866, 0.26003906890485046, 0.12996625310645288]
Accuracy: [0.790648804833202, 0.9105594956658787, 0.954688731284476]
Eval Loss: [0.8386020097215671, 0.7762239150651125, 0.9810882566473993]
Eval Accuracy: [0.7246376811594203, 0.8034782608695652, 0.7936231884057972]
Report:               precision    recall  f1-score   support

           0       0.87      0.87      0.87       892
           1       1.00      0.98      0.99        45
           2       0.28      0.32      0.30       100
           3       0.86      0.76      0.81       427
           4       0.72      0.96      0.82       178
           5       0.73      0.53      0.62        15
           6       0.24      0.15      0.18        68

    accuracy                           0.79      1725
   macro avg       0.67      0.65      0.65      1725
weighted avg       0.79      0.79      0.79      1725


Java - num_epochs=3, batch_size=4, learning_rate=1e-05, optimizer=AdamW, max_length=256
Loss: [0.818628913050854, 0.44130835989358086, 0.3640879262147027]
Accuracy: [0.7306277909114789, 0.8522458628841607, 0.876280535855004]
Eval Loss: [0.9469715467944129, 0.7833024480968797, 0.8028578093657146]
Eval Accuracy: [0.697391304347826, 0.7379710144927536, 0.7460869565217392]
Report:               precision    recall  f1-score   support

           0       0.82      0.78      0.80       892
           1       0.98      1.00      0.99        45
           2       0.17      0.11      0.13       100
           3       0.68      0.82      0.74       427
           4       0.80      0.94      0.86       178
           5       0.90      0.60      0.72        15
           6       0.21      0.09      0.12        68

    accuracy                           0.75      1725
   macro avg       0.65      0.62      0.63      1725
weighted avg       0.73      0.75      0.73      1725


Java - num_epochs=3, batch_size=4, learning_rate=1e-05, optimizer=AdamW, max_length=512
Loss: [0.9051436075931923, 0.47839383685243797, 0.39054986362322525]
Accuracy: [0.7016023115313895, 0.8356973995271868, 0.8638035198318886]
Eval Loss: [0.7952914828972468, 0.7274707262874506, 0.7606117093164357]
Eval Accuracy: [0.7188405797101449, 0.7472463768115942, 0.7408695652173913]
Report:               precision    recall  f1-score   support

           0       0.83      0.78      0.81       892
           1       0.98      0.98      0.98        45
           2       0.14      0.10      0.12       100
           3       0.66      0.83      0.74       427
           4       0.77      0.93      0.84       178
           5       1.00      0.27      0.42        15
           6       0.05      0.01      0.02        68

    accuracy                           0.74      1725
   macro avg       0.63      0.56      0.56      1725
weighted avg       0.72      0.74      0.72      1725

Java - num_epochs=3, batch_size=4, learning_rate=2e-05, optimizer=Lion, max_length=256
Loss: [0.6552785294834012, 0.24500521665119487, 0.10823774835643814]
Accuracy: [0.7835566062516417, 0.9185710533228264, 0.9638823220383504]
Eval Loss: [0.7758500018834874, 0.7830336063895326, 0.9488463781147132]
Eval Accuracy: [0.7576811594202899, 0.7773913043478261, 0.7785507246376812]
Report:               precision    recall  f1-score   support

           0       0.86      0.83      0.85       892
           1       1.00      1.00      1.00        45
           2       0.27      0.34      0.30       100
           3       0.80      0.76      0.78       427
           4       0.78      0.96      0.86       178
           5       0.69      0.60      0.64        15
           6       0.30      0.25      0.27        68

    accuracy                           0.78      1725
   macro avg       0.67      0.68      0.67      1725
weighted avg       0.79      0.78      0.78      1725


Java - num_epochs=3, batch_size=4, learning_rate=2e-05, optimizer=Lion, max_length=512
Loss: [0.5911434341236783, 0.239636891282859, 0.10322302855288513]
Accuracy: [0.803257157867087, 0.9218544785920673, 0.9666403992645127]
Eval Loss: [0.7352309224580595, 0.8958879575757573, 0.8906331450755007]
Eval Accuracy: [0.7646376811594203, 0.7263768115942029, 0.7652173913043478]
Report:               precision    recall  f1-score   support

           0       0.87      0.80      0.83       892
           1       1.00      0.98      0.99        45
           2       0.22      0.36      0.27       100
           3       0.80      0.80      0.80       427
           4       0.81      0.93      0.86       178
           5       0.89      0.53      0.67        15
           6       0.27      0.24      0.25        68

    accuracy                           0.77      1725
   macro avg       0.69      0.66      0.67      1725
weighted avg       0.79      0.77      0.77      1725


Java - num_epochs=3, batch_size=4, learning_rate=3e-05, optimizer=Lion, max_length=256
Loss: [0.6086021178843486, 0.22584506632873488, 0.08679075920235076]
Accuracy: [0.7983976884686105, 0.9273706330443919, 0.9749146309429997]
Eval Loss: [0.7806917496365915, 0.7609022113406396, 0.964989405096221]
Eval Accuracy: [0.7617391304347826, 0.782608695652174, 0.7646376811594203]
Report:               precision    recall  f1-score   support

           0       0.86      0.82      0.84       892
           1       1.00      0.98      0.99        45
           2       0.23      0.28      0.25       100
           3       0.82      0.75      0.78       427
           4       0.74      0.93      0.82       178
           5       0.64      0.60      0.62        15
           6       0.22      0.28      0.25        68

    accuracy                           0.76      1725
   macro avg       0.65      0.66      0.65      1725
weighted avg       0.78      0.76      0.77      1725


Java - num_epochs=3, batch_size=4, learning_rate=3e-05, optimizer=Lion, max_length=512
Loss: [0.549204580083465, 0.22928490532168427, 0.09226007450028552]
Accuracy: [0.8255844496979249, 0.9232991857105333, 0.9695298135014447]
Eval Loss: [0.6478139527779418, 0.7523725852540414, 0.9619167265833808]
Eval Accuracy: [0.7965217391304348, 0.7640579710144928, 0.7739130434782608]
Report:               precision    recall  f1-score   support

           0       0.87      0.84      0.86       892
           1       1.00      1.00      1.00        45
           2       0.23      0.25      0.24       100
           3       0.80      0.78      0.79       427
           4       0.78      0.87      0.82       178
           5       0.75      0.60      0.67        15
           6       0.20      0.25      0.23        68

    accuracy                           0.77      1725
   macro avg       0.66      0.66      0.66      1725
weighted avg       0.78      0.77      0.78      1725


Java - num_epochs=3, batch_size=8, learning_rate=2e-05, optimizer=Lion, max_length=256
Loss: [0.6884820422592002, 0.2549885569258687, 0.13171000181157697]
Accuracy: [0.7674021539269766, 0.9135802469135802, 0.9569214604675598]
Eval Loss: [0.6957523253002499, 0.6769709247627934, 0.927641152680533]
Eval Accuracy: [0.7820289855072464, 0.7797101449275362, 0.7663768115942029]
Report:               precision    recall  f1-score   support

           0       0.87      0.83      0.85       892
           1       0.94      1.00      0.97        45
           2       0.20      0.28      0.23       100
           3       0.81      0.76      0.78       427
           4       0.75      0.92      0.82       178
           5       0.77      0.67      0.71        15
           6       0.20      0.13      0.16        68

    accuracy                           0.77      1725
   macro avg       0.65      0.66      0.65      1725
weighted avg       0.78      0.77      0.77      1725


Java - num_epochs=3, batch_size=4, learning_rate=1e-05, optimizer=Lion, max_length=256
Loss: [0.5792957604067591, 0.25639709041256575, 0.12095768577679249]
Accuracy: [0.8091673233517205, 0.915812976096664, 0.9587601786183346]
Eval Loss: [0.7065212293283004, 0.6960323242964629, 0.9300053655912585]
Eval Accuracy: [0.767536231884058, 0.8, 0.7791304347826087]
Report:               precision    recall  f1-score   support

           0       0.88      0.84      0.86       892
           1       1.00      1.00      1.00        45
           2       0.25      0.31      0.27       100
           3       0.83      0.78      0.80       427
           4       0.75      0.92      0.83       178
           5       0.69      0.60      0.64        15
           6       0.22      0.22      0.22        68

    accuracy                           0.78      1725
   macro avg       0.66      0.67      0.66      1725
weighted avg       0.79      0.78      0.78      1725


Java - num_epochs=3, batch_size=4, learning_rate=1e-05, optimizer=Lion, max_length=512
Loss: [0.5688073589268136, 0.2538156989430259, 0.1320402585222879]
Accuracy: [0.8129760966640399, 0.9142369319674284, 0.9563961124244812]
Eval Loss: [0.8473253624283474, 0.6701513104815991, 0.8877802059629835]
Eval Accuracy: [0.712463768115942, 0.8011594202898551, 0.7733333333333333]
Report:               precision    recall  f1-score   support

           0       0.88      0.84      0.86       892
           1       1.00      0.98      0.99        45
           2       0.21      0.33      0.26       100
           3       0.82      0.76      0.79       427
           4       0.74      0.94      0.83       178
           5       0.71      0.67      0.69        15
           6       0.19      0.13      0.16        68

    accuracy                           0.77      1725
   macro avg       0.65      0.66      0.65      1725
weighted avg       0.79      0.77      0.78      1725


Java - num_epochs=3, batch_size=4, learning_rate=0.0001, optimizer=Lion, max_length=256
Loss: [0.7098626572381462, 0.3030157636599104, 0.1435250494217969]
Accuracy: [0.7848699763593381, 0.9024166009981612, 0.9545573942737063]
Eval Loss: [1.1053607942009236, 1.077066005055224, 1.2382722494201244]
Eval Accuracy: [0.6771014492753623, 0.7089855072463768, 0.7188405797101449]
Report:               precision    recall  f1-score   support

           0       0.84      0.77      0.80       892
           1       1.00      0.96      0.98        45
           2       0.18      0.25      0.21       100
           3       0.74      0.74      0.74       427
           4       0.75      0.85      0.80       178
           5       0.37      0.47      0.41        15
           6       0.13      0.13      0.13        68

    accuracy                           0.72      1725
   macro avg       0.57      0.60      0.58      1725
weighted avg       0.74      0.72      0.73      1725


Java - num_epochs=3, batch_size=4, learning_rate=1e-05, optimizer=Lion, max_length=256, warmup_steps=100
Loss: [0.6357402767574692, 0.24708418434085555, 0.11967507303490814]
Accuracy: [0.7818492251116365, 0.9130548988705017, 0.961124244812188]
Eval Loss: [0.9760819164263366, 0.9020609056206896, 1.0668934261428826]
Eval Accuracy: [0.6956521739130435, 0.7779710144927536, 0.7779710144927536]
Report:               precision    recall  f1-score   support

           0       0.86      0.85      0.86       892
           1       1.00      1.00      1.00        45
           2       0.23      0.32      0.27       100
           3       0.85      0.75      0.80       427
           4       0.77      0.94      0.85       178
           5       0.60      0.60      0.60        15
           6       0.17      0.13      0.15        68

    accuracy                           0.78      1725
   macro avg       0.64      0.66      0.65      1725
weighted avg       0.79      0.78      0.78      1725


Java - num_epochs=3, batch_size=4, learning_rate=1e-06, optimizer=Lion, max_length=256, warmup_steps=100
Loss: [1.08148938228431, 0.5610977307440392, 0.4477703316769897]
Accuracy: [0.6163645915418965, 0.8142894667717363, 0.8422642500656685]
Eval Loss: [0.8152233931280164, 0.7999063621922418, 0.8167481631210615]
Eval Accuracy: [0.735072463768116, 0.7252173913043478, 0.7286956521739131]
Report:               precision    recall  f1-score   support

           0       0.82      0.77      0.80       892
           1       0.98      0.93      0.95        45
           2       0.21      0.18      0.19       100
           3       0.64      0.80      0.71       427
           4       0.76      0.93      0.84       178
           5       1.00      0.07      0.12        15
           6       0.18      0.04      0.07        68

    accuracy                           0.73      1725
   macro avg       0.66      0.53      0.53      1725
weighted avg       0.72      0.73      0.71      1725


Java - num_epochs=3, batch_size=4, learning_rate=1e-05, optimizer=Lion, max_length=256
Loss: [0.7680203543555503, 0.2737269672425482, 0.14888623841464327]
Accuracy: [0.7290517467822433, 0.9063567113212503, 0.9494352508536905]
Eval Loss: [0.5960363575799066, 0.7133306001919664, 0.8451043442822554]
Eval Accuracy: [0.8098550724637681, 0.7976811594202898, 0.7988405797101449]
Report:               precision    recall  f1-score   support

           0       0.86      0.88      0.87       892
           1       0.98      0.98      0.98        45
           2       0.26      0.29      0.28       100
           3       0.84      0.78      0.81       427
           4       0.80      0.95      0.87       178
           5       0.58      0.47      0.52        15
           6       0.31      0.16      0.21        68

    accuracy                           0.80      1725
   macro avg       0.66      0.64      0.65      1725
weighted avg       0.79      0.80      0.79      1725


